temp=5.046507093641493
preci=0.0
solar=143.42694142659505
dust=6.342875
ti_diff=0.0008083564705318875
temp_su=23.08370273688294
temp_rm=20.44584404716602
temp_wall=13.216746141840872
temp_ins=10.829322545718924
temp_ex=20.44584404716602
temp_eh=7.356407636670172
air_AQ=1062.2297637626466
air_PB=-153.80206023711662
wall_AQ=45030.598097312184
wall_PB=2021.0994799275059
ins_AQ=1293.582610060259
ins_PB=14.00083452604349
damp_cmd=True
flow_su=6088.0
flow_ex=6088.0
hrec_pos=100
hrec_pwr=26.695643770478068
pump_cmd=True
htg_pos=18.112
htg_pwr=10.090856
clg_cmd=False
clg_pos=0
clg_pwr=0.0
dust_depo=8.919578593359258
filt_su_pres=53.443206563141615
filt_ex_pres=53.443206563141615
air_q=591.8490584427456
fan_su_cmd=3
fan_su_pos=80
fan_ex_cmd=3
fan_ex_pos=80
