temp=2.089617919921875
preci=0.0
solar=0.0
dust=12.392050000000001
ti_diff=0.0008383811844719781
temp_su=24.325471455360745
temp_rm=19.966826855796455
temp_wall=13.12007421219721
temp_ins=10.688738228102011
temp_ex=19.966826855796455
temp_eh=4.771199260303062
air_AQ=1060.4966795642715
air_PB=-3.849388817959152
wall_AQ=45015.39662971958
wall_PB=1790.699944187772
ins_AQ=1292.94222037665
ins_PB=-794.0550942932969
damp_cmd=True
flow_su=6088.0
flow_ex=6088.0
hrec_pos=100
hrec_pwr=30.991178568456863
pump_cmd=True
htg_pos=25.64
htg_pwr=14.358400000000001
clg_cmd=False
clg_pos=0
clg_pwr=0.0
dust_depo=8.701012406271241
filt_su_pres=53.33596342067709
filt_ex_pres=53.33596342067709
air_q=450.0
fan_su_cmd=3
fan_su_pos=80
fan_ex_cmd=3
fan_ex_pos=80
