temp=5.018645816379124
preci=0.0
solar=142.06529324849447
dust=6.342875
ti_diff=0.0008404933081732856
temp_su=23.089006608253587
temp_rm=20.439164442125787
temp_wall=13.219056755944507
temp_ins=10.829708390101928
temp_ex=20.439164442125787
temp_eh=7.331723610241124
air_AQ=1062.205596951611
air_PB=-125.64834070675715
wall_AQ=45030.96143675876
wall_PB=2015.0271868808677
ins_AQ=1293.5843676585923
ins_PB=6.977517775315846
damp_cmd=True
flow_su=6088.0
flow_ex=6088.0
hrec_pos=100
hrec_pwr=26.73236342781213
pump_cmd=True
htg_pos=18.0746
htg_pwr=10.121776
clg_cmd=False
clg_pos=0
clg_pwr=0.0
dust_depo=8.924213412601949
filt_su_pres=53.44548071445003
filt_ex_pres=53.44548071445003
air_q=590.5751987137074
fan_su_cmd=3
fan_su_pos=80
fan_ex_cmd=3
fan_ex_pos=80
