temp=2.1152723524305554
preci=0.0
solar=0.0
dust=0.0
ti_diff=0.000832441250483195
temp_su=25.070315778904003
temp_rm=19.814404407674203
temp_wall=13.11244892205957
temp_ins=10.812671215562204
temp_ex=19.814404407674203
temp_eh=4.7701421607171035
air_AQ=1059.9452151469652
air_PB=2207.264006499233
wall_AQ=45014.19756809602
wall_PB=1811.2371651375674
ins_AQ=1293.5067599211288
ins_PB=-919.1868826341192
damp_cmd=True
flow_su=6088.0
flow_ex=6088.0
hrec_pos=100
hrec_pwr=30.682471967424064
pump_cmd=True
htg_pos=28.8105
htg_pwr=16.13388
clg_cmd=False
clg_pos=0
clg_pwr=0.0
dust_depo=8.685922848802019
filt_su_pres=53.32855947781219
filt_ex_pres=53.32855947781219
air_q=450.0
fan_su_cmd=3
fan_su_pos=80
fan_ex_cmd=3
fan_ex_pos=80
